857
153
418
378
301
202
257
654
853
718
244
398
328
707
777
492
782
905
992
956
192
617
556
836
939
139
392
961
887
779
479
16
453
828
222
662
675
487
137
705
214
973
794
674
392
157
512
448
936
524
684
657
871
613
226
342
894
731
91
346
895
804
135
848
336
206
900
311
536
741
735
897
251
120
813
715
900
806
897
345
490
997
983
541
880
697
208
570
804
991
398
711
258
153
932
597
346
38
217
908
468
761
242
